"V1" "V2" "V3" "V4" "V5" "V6" "V7" "V8" "V9" "V10" "V11" "V12" "V13" "V14" "V15" "V16" "V17" "V18" "V19" "V20" "V21" "V22" "V23" "V24" "V25" "V26" "V27" "V28" "V29" "V30" "V31" "V32" "V33" "V34" "V35" "V36"
"1" 2.68691e-09 5.22595e-10 1.02393e-10 2.44817e-10 2.60243e-11 9.31597e-11 -3.82585e-10 -1.74956e-11 1.52673e-11 1.26922e-10 4.46463e-10 1.66112e-10 -9.20138e-11 -1.2208e-11 3.89916e-10 -1.8869e-10 9.007e-11 -4.52475e-11 6.52878e-11 2.06345e-10 -6.26045e-11 3.43074e-10 1.16078e-10 -5.06772e-11 -1.03753e-11 2.93856e-10 1.11427e-10 1.84686e-10 4.60918e-10 1.42629e-10 -6.51812e-11 -1.62568e-11 3.76918e-10 1.58346e-10 2.35849e-10 2.9937e-10
"2" 5.22595e-10 8.5092e-10 5.09365e-10 3.80702e-10 6.88739e-11 -7.26632e-11 2.39278e-10 4.48518e-11 -4.6241e-11 -2.40013e-11 2.35888e-10 5.43766e-10 2.32188e-10 1.95052e-10 1.76191e-10 1.01326e-10 1.84614e-10 6.84319e-11 6.7024e-11 1.15388e-10 5.38087e-11 1.48186e-10 3.61071e-10 1.51859e-10 1.25976e-10 1.17932e-10 7.11843e-11 7.27551e-11 1.42481e-10 4.46463e-10 1.98165e-10 1.6572e-10 1.16344e-10 8.30723e-11 6.95819e-11 5.82128e-11
"3" 1.02393e-10 5.09365e-10 2.30374e-09 1.9327e-10 1.05661e-09 4.99822e-10 1.53138e-10 8.37102e-10 4.00093e-10 3.22511e-10 1.02587e-10 4.83228e-10 1.93941e-10 1.6129e-10 1.04897e-10 6.47695e-11 3.25197e-10 1.68544e-10 1.31849e-10 6.13451e-11 4.80825e-11 6.53379e-11 2.84448e-10 1.09822e-10 9.16107e-11 6.17273e-11 3.4441e-11 3.92169e-11 5.02854e-11 2.24334e-10 6.34167e-11 5.92311e-11 4.93781e-11 2.25315e-11 3.40301e-11 3.09866e-11
"4" 2.44817e-10 3.80702e-10 1.9327e-10 2.81246e-09 8.90829e-10 -1.47117e-10 6.229e-10 1.97001e-10 -1.84115e-10 -4.48834e-11 -5.83622e-10 6.33212e-11 1.75797e-09 5.20074e-10 -6.91684e-10 -3.364e-10 -1.37279e-11 5.01446e-10 1.96687e-10 -2.54106e-10 -7.24365e-11 -6.35991e-11 1.35317e-10 1.15845e-09 3.29493e-10 -2.54298e-10 -1.0532e-10 -4.11313e-11 -1.75974e-10 1.48201e-10 1.50765e-09 4.26903e-10 -3.92902e-10 -1.58837e-10 -9.57338e-11 -1.77904e-10
"5" 2.60243e-11 6.88739e-11 1.05661e-09 8.90829e-10 4.33748e-09 3.72885e-09 1.74815e-10 1.24949e-09 1.95656e-09 7.78954e-10 -1.76994e-10 -7.06349e-10 4.90276e-10 -8.00866e-11 -3.41071e-10 -1.22023e-10 -3.22675e-10 3.75503e-10 1.65463e-11 -2.14425e-10 -1.1752e-10 -1.33077e-11 2.75167e-12 4.71671e-10 9.61502e-11 -1.09074e-10 -7.0491e-11 -8.53982e-12 -3.75724e-11 -1.81063e-10 2.88373e-10 -1.13382e-12 -1.13861e-10 -9.2304e-11 -2.20504e-11 -1.99069e-11
"6" 9.31597e-11 -7.26632e-11 4.99822e-10 -1.47117e-10 3.72885e-09 2.8992e-08 -1.0745e-10 9.8042e-10 7.4201e-09 1.93534e-09 5.20252e-11 -7.41916e-10 -5.64856e-09 -1.45171e-09 1.09962e-09 -3.04828e-11 -3.53279e-10 -2.87869e-09 -7.15611e-10 5.59834e-10 2.75546e-10 5.98749e-12 -8.54504e-11 -3.51426e-10 -1.13089e-10 8.36051e-11 4.33162e-12 -7.96924e-12 3.77601e-11 -2.49586e-10 -1.45885e-09 -4.15973e-10 3.16405e-10 1.04397e-10 1.99456e-11 1.04072e-10
"7" -3.82585e-10 2.39278e-10 1.53138e-10 6.229e-10 1.74815e-10 -1.0745e-10 3.11823e-09 7.818e-10 3.08847e-10 -7.68531e-10 -1.71384e-10 1.64642e-10 4.75423e-10 7.48e-10 -1.043e-10 4.39159e-11 6.90498e-11 1.4106e-10 -2.87118e-10 8.76765e-12 8.97623e-11 2.04768e-11 1.41075e-10 3.19269e-10 5.54981e-10 -3.99241e-11 2.23184e-11 1.02414e-11 4.10252e-11 1.73212e-10 4.17414e-10 7.53943e-10 -7.26376e-11 2.03426e-11 2.57322e-13 -1.78281e-11
"8" -1.74956e-11 4.48518e-11 8.37102e-10 1.97001e-10 1.24949e-09 9.8042e-10 7.818e-10 2.37403e-09 1.48236e-09 1.46126e-09 -3.76365e-11 -1.21699e-10 1.24526e-10 3.97824e-10 -7.2021e-11 -3.15907e-12 1.05889e-10 1.9143e-10 2.44869e-10 -2.30933e-11 3.49028e-11 1.50103e-11 7.46755e-11 1.2845e-10 2.83429e-10 -8.88207e-12 1.50958e-12 1.58832e-11 2.27799e-11 3.66337e-11 7.69881e-11 2.37262e-10 -2.2961e-12 -7.34239e-12 1.7542e-11 2.21672e-11
"9" 1.52673e-11 -4.6241e-11 4.00093e-10 -1.84115e-10 1.95656e-09 7.4201e-09 3.08847e-10 1.48236e-09 8.67597e-09 3.66437e-09 5.24483e-11 -3.79969e-10 -1.44788e-09 -1.65762e-09 2.8283e-10 2.1635e-12 -1.02661e-10 -2.40605e-10 -7.62004e-10 3.65264e-11 -5.00315e-12 3.07842e-11 -2.53346e-11 5.5988e-11 -8.6327e-12 4.58022e-12 -2.54593e-11 6.90607e-12 5.5198e-11 -1.10979e-10 -1.58429e-10 -3.29112e-10 5.27201e-11 -3.95764e-11 1.00867e-11 2.78475e-11
"10" 1.26922e-10 -2.40013e-11 3.22511e-10 -4.48834e-11 7.78954e-10 1.93534e-09 -7.68531e-10 1.46126e-09 3.66437e-09 1.26803e-08 3.66532e-11 -1.41277e-10 -3.40178e-10 -1.01958e-09 3.10526e-11 -2.35584e-11 6.15066e-11 1.05818e-10 5.30197e-11 -3.49592e-11 5.37336e-11 1.17173e-11 4.80814e-12 4.18957e-11 1.17671e-10 -1.40489e-11 -1.83467e-11 9.42218e-12 1.57418e-11 -2.64335e-11 -1.32499e-11 2.46894e-10 -9.44976e-13 -3.22559e-11 1.88768e-11 3.53413e-11
"11" 4.46463e-10 2.35888e-10 1.02587e-10 -5.83622e-10 -1.76994e-10 5.20252e-11 -1.71384e-10 -3.76365e-11 5.24483e-11 3.66532e-11 3.29706e-09 1.15735e-09 -3.82286e-10 -2.34149e-10 3.85044e-09 1.93893e-09 6.39727e-10 -1.55749e-10 -1.07959e-10 1.68625e-09 6.81971e-10 1.16416e-09 3.53394e-10 -3.05249e-10 -8.17501e-11 1.96657e-09 1.00383e-09 8.32697e-10 1.18981e-09 3.6274e-10 -3.76761e-10 -1.01303e-10 2.34844e-09 1.2272e-09 9.46605e-10 1.06031e-09
"12" 1.66112e-10 5.43766e-10 4.83228e-10 6.33212e-11 -7.06349e-10 -7.41916e-10 1.64642e-10 -1.21699e-10 -3.79969e-10 -1.41277e-10 1.15735e-09 4.49494e-09 1.9312e-09 1.59218e-09 2.1248e-09 6.96432e-10 2.6938e-09 1.14268e-09 9.53586e-10 1.19315e-09 7.36305e-10 3.46812e-10 1.55926e-09 5.86005e-10 5.35267e-10 8.73276e-10 5.63072e-10 3.39096e-10 3.19848e-10 1.53353e-09 6.11684e-10 5.45318e-10 7.69845e-10 4.99603e-10 2.73504e-10 2.03602e-10
"13" -9.20138e-11 2.32188e-10 1.93941e-10 1.75797e-09 4.90276e-10 -5.64856e-09 4.75423e-10 1.24526e-10 -1.44788e-09 -3.40178e-10 -3.82286e-10 1.9312e-09 1.62462e-08 4.227e-09 -6.2581e-09 -2.09941e-10 1.16028e-09 9.64652e-09 2.52268e-09 -3.32594e-09 -1.71507e-09 -1.07033e-10 6.68376e-10 5.45868e-09 1.41637e-09 -1.16739e-09 -6.11049e-10 -2.049e-10 -1.90214e-10 6.41292e-10 5.49138e-09 1.43666e-09 -1.76352e-09 -9.69512e-10 -4.2364e-10 -6.46304e-10
"14" -1.2208e-11 1.95052e-10 1.6129e-10 5.20074e-10 -8.00866e-11 -1.45171e-09 7.48e-10 3.97824e-10 -1.65762e-09 -1.01958e-09 -2.34149e-10 1.59218e-09 4.227e-09 8.11954e-09 -1.73478e-09 -5.79237e-11 9.92702e-10 2.41349e-09 4.95755e-09 -3.57626e-10 2.46301e-10 -2.90293e-11 5.64949e-10 1.37877e-09 3.05249e-09 -1.22922e-10 1.66846e-10 5.94879e-11 -5.61028e-11 5.61264e-10 1.38588e-09 2.99431e-09 -1.79717e-10 1.25075e-10 6.48245e-12 -5.31182e-11
"15" 3.89916e-10 1.76191e-10 1.04897e-10 -6.91684e-10 -3.41071e-10 1.09962e-09 -1.043e-10 -7.2021e-11 2.8283e-10 3.10526e-11 3.85044e-09 2.1248e-09 -6.2581e-09 -1.73478e-09 4.0098e-08 2.44708e-09 1.19959e-09 -3.67681e-09 -9.20674e-10 2.04086e-08 1.05603e-08 1.30604e-09 5.93123e-10 -2.10598e-09 -4.73961e-10 1.24063e-08 7.1062e-09 3.80632e-09 1.31153e-09 5.72993e-10 -2.07805e-09 -4.65736e-10 1.20697e-08 7.03637e-09 3.7742e-09 3.7561e-09
"16" -1.8869e-10 1.01326e-10 6.47695e-11 -3.364e-10 -1.22023e-10 -3.04828e-11 4.39159e-11 -3.15907e-12 2.1635e-12 -2.35584e-11 1.93893e-09 6.96432e-10 -2.09941e-10 -5.79237e-11 2.44708e-09 2.87511e-09 1.02416e-09 -3.02062e-11 -1.16554e-10 2.0524e-09 5.50436e-10 8.88248e-10 2.86621e-10 -1.69356e-10 4.97804e-12 1.3063e-09 1.34274e-09 6.63869e-10 9.44461e-10 3.13699e-10 -2.07362e-10 5.38337e-12 1.55991e-09 1.69508e-09 7.76362e-10 9.00889e-10
"17" 9.007e-11 1.84614e-10 3.25197e-10 -1.37279e-11 -3.22675e-10 -3.53279e-10 6.90498e-11 1.05889e-10 -1.02661e-10 6.15066e-11 6.39727e-10 2.6938e-09 1.16028e-09 9.92702e-10 1.19959e-09 1.02416e-09 3.99373e-09 1.853e-09 1.48482e-09 1.28152e-09 9.15374e-10 2.50518e-10 1.25798e-09 4.86286e-10 4.48931e-10 5.73548e-10 7.03195e-10 2.75002e-10 2.58019e-10 1.31566e-09 5.26952e-10 4.73597e-10 5.1786e-10 6.47137e-10 2.3226e-10 1.82964e-10
"18" -4.52475e-11 6.84319e-11 1.68544e-10 5.01446e-10 3.75503e-10 -2.87869e-09 1.4106e-10 1.9143e-10 -2.40605e-10 1.05818e-10 -1.55749e-10 1.14268e-09 9.64652e-09 2.41349e-09 -3.67681e-09 -3.02062e-11 1.853e-09 1.4053e-08 3.63103e-09 -3.5813e-09 -2.48235e-09 -6.02173e-11 5.30841e-10 4.39686e-09 1.12376e-09 -9.42834e-10 -4.69794e-10 -1.68659e-10 -9.22479e-11 5.38445e-10 4.66472e-09 1.17074e-09 -1.36247e-09 -1.03318e-09 -3.46853e-10 -5.48781e-10
"19" 6.52878e-11 6.7024e-11 1.31849e-10 1.96687e-10 1.65463e-11 -7.15611e-10 -2.87118e-10 2.44869e-10 -7.62004e-10 5.30197e-11 -1.07959e-10 9.53586e-10 2.52268e-09 4.95755e-09 -9.20674e-10 -1.16554e-10 1.48482e-09 3.63103e-09 7.24409e-09 -6.41437e-10 4.74345e-11 -1.98492e-11 4.43696e-10 1.1072e-09 2.53097e-09 -1.25821e-10 1.86671e-10 5.40637e-11 -4.21172e-11 4.64139e-10 1.16821e-09 2.62649e-09 -1.86809e-10 1.53766e-10 1.47408e-11 -3.10299e-11
"20" 2.06345e-10 1.15388e-10 6.13451e-11 -2.54106e-10 -2.14425e-10 5.59834e-10 8.76765e-12 -2.30933e-11 3.65264e-11 -3.49592e-11 1.68625e-09 1.19315e-09 -3.32594e-09 -3.57626e-10 2.04086e-08 2.0524e-09 1.28152e-09 -3.5813e-09 -6.41437e-10 2.07918e-08 1.77465e-08 7.47534e-10 4.69841e-10 -1.39403e-09 -9.36798e-11 8.59565e-09 8.47161e-09 3.05605e-09 7.81116e-10 4.81991e-10 -1.41976e-09 -9.67114e-11 8.79461e-09 8.54596e-09 3.12958e-09 3.20702e-09
"21" -6.26045e-11 5.38087e-11 4.80825e-11 -7.24365e-11 -1.1752e-10 2.75546e-10 8.97623e-11 3.49028e-11 -5.00315e-12 5.37336e-11 6.81971e-10 7.36305e-10 -1.71507e-09 2.46301e-10 1.05603e-08 5.50436e-10 9.15374e-10 -2.48235e-09 4.74345e-11 1.77465e-08 3.07469e-08 3.71189e-10 3.67085e-10 -8.86362e-10 1.48847e-10 5.81908e-09 9.38529e-09 2.45501e-09 3.96008e-10 3.90587e-10 -9.20713e-10 1.65543e-10 6.1689e-09 9.80309e-09 2.59733e-09 2.74868e-09
"22" 3.43074e-10 1.48186e-10 6.53379e-11 -6.35991e-11 -1.33077e-11 5.98749e-12 2.04768e-11 1.50103e-11 3.07842e-11 1.17173e-11 1.16416e-09 3.46812e-10 -1.07033e-10 -2.90293e-11 1.30604e-09 8.88248e-10 2.50518e-10 -6.02173e-11 -1.98492e-11 7.47534e-10 3.71189e-10 1.24092e-09 3.93766e-10 -7.64393e-11 -2.99684e-11 1.14755e-09 5.64423e-10 9.51597e-10 1.09083e-09 3.38252e-10 -8.60684e-11 -2.13117e-11 1.1563e-09 6.29032e-10 1.01056e-09 1.02603e-09
"23" 1.16078e-10 3.61071e-10 2.84448e-10 1.35317e-10 2.75167e-12 -8.54504e-11 1.41075e-10 7.46755e-11 -2.53346e-11 4.80814e-12 3.53394e-10 1.55926e-09 6.68376e-10 5.64949e-10 5.93123e-10 2.86621e-10 1.25798e-09 5.30841e-10 4.43696e-10 4.69841e-10 3.67085e-10 3.93766e-10 1.72386e-09 7.62943e-10 6.24324e-10 5.14829e-10 3.84232e-10 4.06653e-10 3.14471e-10 1.46991e-09 6.47135e-10 5.36587e-10 3.95062e-10 3.03116e-10 3.17808e-10 2.3322e-10
"24" -5.06772e-11 1.51859e-10 1.09822e-10 1.15845e-09 4.71671e-10 -3.51426e-10 3.19269e-10 1.2845e-10 5.5988e-11 4.18957e-11 -3.05249e-10 5.86005e-10 5.45868e-09 1.37877e-09 -2.10598e-09 -1.69356e-10 4.86286e-10 4.39686e-09 1.1072e-09 -1.39403e-09 -8.86362e-10 -7.64393e-11 7.62943e-10 6.03627e-09 1.56084e-09 -1.27868e-09 -6.79599e-10 -1.72796e-10 -1.27433e-10 6.30332e-10 5.16239e-09 1.33563e-09 -1.32159e-09 -7.62518e-10 -4.03855e-10 -5.6848e-10
"25" -1.03753e-11 1.25976e-10 9.16107e-11 3.29493e-10 9.61502e-11 -1.13089e-10 5.54981e-10 2.83429e-10 -8.6327e-12 1.17671e-10 -8.17501e-11 5.35267e-10 1.41637e-09 3.05249e-09 -4.73961e-10 4.97804e-12 4.48931e-10 1.12376e-09 2.53097e-09 -9.36798e-11 1.48847e-10 -2.99684e-11 6.24324e-10 1.56084e-09 3.33011e-09 -2.50934e-10 1.06236e-10 8.29068e-11 -3.59074e-11 5.32948e-10 1.33606e-09 2.88376e-09 -2.49033e-10 6.78526e-11 3.43717e-11 -1.31423e-11
"26" 2.93856e-10 1.17932e-10 6.17273e-11 -2.54298e-10 -1.09074e-10 8.36051e-11 -3.99241e-11 -8.88207e-12 4.58022e-12 -1.40489e-11 1.96657e-09 8.73276e-10 -1.16739e-09 -1.22922e-10 1.24063e-08 1.3063e-09 5.73548e-10 -9.42834e-10 -1.25821e-10 8.59565e-09 5.81908e-09 1.14755e-09 5.14829e-10 -1.27868e-09 -2.50934e-10 8.62233e-09 5.50593e-09 4.38856e-09 1.03879e-09 4.49755e-10 -1.10458e-09 -2.05897e-10 7.67366e-09 4.92564e-09 4.00549e-09 3.63693e-09
"27" 1.11427e-10 7.11843e-11 3.4441e-11 -1.0532e-10 -7.0491e-11 4.33162e-12 2.23184e-11 1.50958e-12 -2.54593e-11 -1.83467e-11 1.00383e-09 5.63072e-10 -6.11049e-10 1.66846e-10 7.1062e-09 1.34274e-09 7.03195e-10 -4.69794e-10 1.86671e-10 8.47161e-09 9.38529e-09 5.64423e-10 3.84232e-10 -6.79599e-10 1.06236e-10 5.50593e-09 7.26608e-09 3.53869e-09 5.58047e-10 3.58765e-10 -5.92878e-10 1.05061e-10 5.03532e-09 6.5289e-09 3.33971e-09 3.11607e-09
"28" 1.84686e-10 7.27551e-11 3.92169e-11 -4.11313e-11 -8.53982e-12 -7.96924e-12 1.02414e-11 1.58832e-11 6.90607e-12 9.42218e-12 8.32697e-10 3.39096e-10 -2.049e-10 5.94879e-11 3.80632e-09 6.63869e-10 2.75002e-10 -1.68659e-10 5.40637e-11 3.05605e-09 2.45501e-09 9.51597e-10 4.06653e-10 -1.72796e-10 8.29068e-11 4.38856e-09 3.53869e-09 4.98008e-09 8.00262e-10 3.35789e-10 -1.65195e-10 6.60239e-11 3.67312e-09 2.94759e-09 4.20765e-09 3.53643e-09
"29" 4.60918e-10 1.42481e-10 5.02854e-11 -1.75974e-10 -3.75724e-11 3.77601e-11 4.10252e-11 2.27799e-11 5.5198e-11 1.57418e-11 1.18981e-09 3.19848e-10 -1.90214e-10 -5.61028e-11 1.31153e-09 9.44461e-10 2.58019e-10 -9.22479e-11 -4.21172e-11 7.81116e-10 3.96008e-10 1.09083e-09 3.14471e-10 -1.27433e-10 -3.59074e-11 1.03879e-09 5.58047e-10 8.00262e-10 1.39173e-09 4.08286e-10 -1.59093e-10 -5.11788e-11 1.32639e-09 7.05849e-10 1.02772e-09 1.32005e-09
"30" 1.42629e-10 4.46463e-10 2.24334e-10 1.48201e-10 -1.81063e-10 -2.49586e-10 1.73212e-10 3.66337e-11 -1.10979e-10 -2.64335e-11 3.6274e-10 1.53353e-09 6.41292e-10 5.61264e-10 5.72993e-10 3.13699e-10 1.31566e-09 5.38445e-10 4.64139e-10 4.81991e-10 3.90587e-10 3.38252e-10 1.46991e-09 6.30332e-10 5.32948e-10 4.49755e-10 3.58765e-10 3.35789e-10 4.08286e-10 1.86375e-09 8.24824e-10 6.83254e-10 4.7012e-10 3.63085e-10 3.32749e-10 3.08088e-10
"31" -6.51812e-11 1.98165e-10 6.34167e-11 1.50765e-09 2.88373e-10 -1.45885e-09 4.17414e-10 7.69881e-11 -1.58429e-10 -1.32499e-11 -3.76761e-10 6.11684e-10 5.49138e-09 1.38588e-09 -2.07805e-09 -2.07362e-10 5.26952e-10 4.66472e-09 1.16821e-09 -1.41976e-09 -9.20713e-10 -8.60684e-11 6.47135e-10 5.16239e-09 1.33606e-09 -1.10458e-09 -5.92878e-10 -1.65195e-10 -1.59093e-10 8.24824e-10 6.59783e-09 1.7078e-09 -1.59946e-09 -9.14253e-10 -3.83995e-10 -7.15585e-10
"32" -1.62568e-11 1.6572e-10 5.92311e-11 4.26903e-10 -1.13382e-12 -4.15973e-10 7.53943e-10 2.37262e-10 -3.29112e-10 2.46894e-10 -1.01303e-10 5.45318e-10 1.43666e-09 2.99431e-09 -4.65736e-10 5.38337e-12 4.73597e-10 1.17074e-09 2.62649e-09 -9.67114e-11 1.65543e-10 -2.13117e-11 5.36587e-10 1.33563e-09 2.88376e-09 -2.05897e-10 1.05061e-10 6.60239e-11 -5.11788e-11 6.83254e-10 1.7078e-09 3.6298e-09 -3.28238e-10 7.90032e-11 3.5074e-11 -1.20943e-11
"33" 3.76918e-10 1.16344e-10 4.93781e-11 -3.92902e-10 -1.13861e-10 3.16405e-10 -7.26376e-11 -2.2961e-12 5.27201e-11 -9.44976e-13 2.34844e-09 7.69845e-10 -1.76352e-09 -1.79717e-10 1.20697e-08 1.55991e-09 5.1786e-10 -1.36247e-09 -1.86809e-10 8.79461e-09 6.1689e-09 1.1563e-09 3.95062e-10 -1.32159e-09 -2.49033e-10 7.67366e-09 5.03532e-09 3.67312e-09 1.32639e-09 4.7012e-10 -1.59946e-09 -3.28238e-10 9.17711e-09 5.93224e-09 4.18565e-09 4.68622e-09
"34" 1.58346e-10 8.30723e-11 2.25315e-11 -1.58837e-10 -9.2304e-11 1.04397e-10 2.03426e-11 -7.34239e-12 -3.95764e-11 -3.22559e-11 1.2272e-09 4.99603e-10 -9.69512e-10 1.25075e-10 7.03637e-09 1.69508e-09 6.47137e-10 -1.03318e-09 1.53766e-10 8.54596e-09 9.80309e-09 6.29032e-10 3.03116e-10 -7.62518e-10 6.78526e-11 4.92564e-09 6.5289e-09 2.94759e-09 7.05849e-10 3.63085e-10 -9.14253e-10 7.90032e-11 5.93224e-09 7.95151e-09 3.46206e-09 4.02098e-09
"35" 2.35849e-10 6.95819e-11 3.40301e-11 -9.57338e-11 -2.20504e-11 1.99456e-11 2.57322e-13 1.7542e-11 1.00867e-11 1.88768e-11 9.46605e-10 2.73504e-10 -4.2364e-10 6.48245e-12 3.7742e-09 7.76362e-10 2.3226e-10 -3.46853e-10 1.47408e-11 3.12958e-09 2.59733e-09 1.01056e-09 3.17808e-10 -4.03855e-10 3.43717e-11 4.00549e-09 3.33971e-09 4.20765e-09 1.02772e-09 3.32749e-10 -3.83995e-10 3.5074e-11 4.18565e-09 3.46206e-09 4.45965e-09 4.54122e-09
"36" 2.9937e-10 5.82128e-11 3.09866e-11 -1.77904e-10 -1.99069e-11 1.04072e-10 -1.78281e-11 2.21672e-11 2.78475e-11 3.53413e-11 1.06031e-09 2.03602e-10 -6.46304e-10 -5.31182e-11 3.7561e-09 9.00889e-10 1.82964e-10 -5.48781e-10 -3.10299e-11 3.20702e-09 2.74868e-09 1.02603e-09 2.3322e-10 -5.6848e-10 -1.31423e-11 3.63693e-09 3.11607e-09 3.53643e-09 1.32005e-09 3.08088e-10 -7.15585e-10 -1.20943e-11 4.68622e-09 4.02098e-09 4.54122e-09 5.8169e-09
